Matrix A:
15	26	40	21	40	47	
43	33	20	42	46	33	
42	27	21	47	7	22	
21	47	47	27	23	28	
46	32	49	8	32	14	
38	42	35	48	10	24	

Matrix B:
4	34	48	47	1	11	
27	36	36	37	26	14	
16	21	1	36	23	0	
44	14	46	40	10	43	
20	42	16	41	37	5	
11	48	14	8	47	7	

A x B: 
3643	6516	3960	5963	5510	1961	
4514	7174	6402	7792	5034	3202	
3683	4849	5591	6072	2990	3050	
4061	6081	4749	6665	4761	2361	
2978	5873	4485	6854	3927	1556	
4422	5783	6075	7122	3913	3288	

A + B: 
19	60	88	68	41	58	
70	69	56	79	72	47	
58	48	22	83	30	22	
65	61	93	67	33	71	
66	74	65	49	69	19	
49	90	49	56	57	31	
